    1.02032
    0.97514
    0.940314
    0.910585
    0.878451
    0.841809
    0.805823
    0.777441
    0.757599
    0.740666
    0.720937
    0.696659
    0.670564
    0.647024
    0.62969
    0.621972
    0.627552
    0.65073
    0.694184
    0.753828
    0.818198
    0.877045
    0.927175
    0.969964
    1.00834
    1.04429
    1.07799
    1.10854
    1.13485
    1.15612
    1.17203
    1.1828
    1.18989
    1.19585
    1.2036
    1.21526
    1.23004
    1.24411
    1.2534
    1.2561
    1.2522
    1.24161
    1.22274
    1.19269
    1.14985
    1.09688
    1.0397
    0.982795
    0.928583
    0.879303
    0.83561
    0.796085
    0.756525
    0.713099
    0.666051
    0.620406
    0.582035
    0.552966
    0.531448
    0.515158
    0.503309
    0.497293
    0.500675
    0.51892
    0.558858
    0.622663
    0.700489
    0.777612
    0.844492
    0.900115
    0.945509
    0.981681
    1.00955
    1.03022
    1.04445
    1.05251
    1.05441
    1.05059
    1.04327
    1.0363
    1.03546
    1.0469
    1.0723
    1.10466
    1.1329
    1.15201
    1.16397
    1.17274
    1.1786
    1.17756
    1.16543
    1.14255
    1.11355
    1.08437
    1.06021
    1.04578
    1.04249
    1.04616
    1.04934
    1.04453
    1.02613
    0.990706
    0.939172
    0.882533
    0.8353
    0.801707
    0.776617
    0.753762
    0.731357
    0.714649
    0.711316
    0.722394
    0.741991
    0.761884
    0.778477
    0.792422
    0.807187
    0.82752
    0.858425
    0.901452
    0.952699
    1.00285
    1.04399
    1.07469
    1.09851
    1.11985
    1.1418
    1.16499
    1.18804
    1.20854
    1.22494
    1.23716
    1.24615
    1.25306
    1.25862
    1.26296
    1.26531
    1.26394
    1.25594
    1.23788
    1.20787
    1.1687
    1.12503
    1.07842
    1.02673
    0.968274
    0.905443
    0.842941
    0.784548
    0.730699
    0.680382
    0.633096
    0.590094
    0.552616
    0.521703
    0.497518
    0.479714
    0.467764
    0.461395
    0.461067
    0.468704
    0.489062
    0.529792
    0.596045
    0.679844
    0.763821
    0.835002
    0.888997
    0.926223
    0.949601
    0.963817
    0.972583
    0.977593
    0.977684
    0.970877
    0.957022
    0.938542
    0.921785
    0.915173
    0.927353
    0.960843
    1.00406
    1.04103
    1.06604
    1.08563
    1.10854
    1.13572
    1.1581
    1.1672
    1.16216
    1.14872
    1.13511
    1.12789
    1.13006
    1.13954
    1.15073
    1.15904
    1.16206
    1.1571
    1.13995
    1.10621
    1.0588
    1.01087
    0.971951
    0.940657
    0.909627
    0.873069
    0.833086
    0.797328
    0.769745
    0.747667
    0.724821
    0.697971
    0.668652
    0.640725
    0.617622
    0.602002
    0.596559
    0.60518
    0.632334
    0.679777
    0.74147
    0.806229
    0.865562
    0.917036
    0.961975
    1.00244
    1.03947
    1.07299
    1.10243
    1.12703
    1.14628
    1.1598
    1.16823
    1.1735
    1.17855
    1.18688
    1.20033
    1.21754
    1.23358
    1.24407
    1.24767
    1.24483
    1.23568
    1.21849
    1.18972
    1.14802
    1.0971
    1.04298
    0.989891
    0.940362
    0.89638
    0.859164
    0.826456
    0.792897
    0.753069
    0.706053
    0.6576
    0.615372
    0.583154
    0.55935
    0.54113
    0.527127
    0.519147
    0.521188
    0.539533
    0.579371
    0.6411
    0.714399
    0.78648
    0.850269
    0.905568
    0.953368
    0.993755
    1.02636
    1.0514
    1.0693
    1.08076
    1.08635
    1.08699
    1.08471
    1.08289
    1.08577
    1.09797
    1.11997
    1.14643
    1.16913
    1.18452
    1.19357
    1.19791
    1.19666
    1.1865
    1.16468
    1.13306
    1.09702
    1.06118
    1.02943
    1.00546
    0.992181
    0.987536
    0.983922
    0.972318
    0.946317
    0.903221
    0.848002
    0.793642
    0.750646
    0.720435
    0.697484
    0.677629
    0.661526
    0.655739
    0.66639
    0.693951
    0.731583
    0.770841
    0.807709
    0.843073
    0.879891
    0.91985
    0.963976
    1.00946
    1.05184
    1.08657
    1.11265
    1.13216
    1.14841
    1.16397
    1.18018
    1.19707
    1.21367
    1.22848
    1.24036
    1.24903
    1.25511
    1.25905
    1.2605
    1.25761
    1.24691
    1.22341
    1.18429
    1.13438
    1.08306
    1.03418
    0.985544
    0.934177
    0.879982
    0.826247
    0.77518
    0.726564
    0.679255
    0.634452
    0.594165
    0.560038
    0.531862
    0.509199
    0.491856
    0.48044
    0.476238
    0.481544
    0.500496
    0.538773
    0.599551
    0.676288
    0.755639
    0.827116
    0.886364
    0.932152
    0.96529
    0.988329
    1.00428
    1.01485
    1.01996
    1.01852
    1.01077
    0.998411
    0.986151
    0.980897
    0.990224
    1.01704
    1.05392
    1.08753
    1.11102
    1.12732
    1.14229
    1.15719
    1.1671
    1.16618
    1.15331
    1.13246
    1.11028
    1.09325
    1.08609
    1.08936
    1.0983
    1.10571
    1.10648
    1.09684
    1.07235
    1.03018
    0.976259
    0.925481
    0.887201
    0.859107
    0.833284
    0.804973
    0.77716
    0.757337
    0.749044
    0.748614
    0.748066
    0.742816
    0.733226
    0.723118
    0.717507
    0.722047
    0.742101
    0.78116
    0.836215
    0.89636
    0.950038
    0.992537
    1.02619
    1.05583
    1.08493
    1.11464
    1.14363
    1.16955
    1.19093
    1.20768
    1.22039
    1.22995
    1.23767
    1.24488
    1.25253
    1.26024
    1.26611
    1.26764
    1.26282
    1.25003
    1.228
    1.1962
    1.15452
    1.10341
    1.04447
    0.980972
    0.91699
    0.855938
    0.799225
    0.74635
    0.695681
    0.64679
    0.601039
    0.560888
    0.528239
    0.503427
    0.485343
    0.472656
    0.464688
    0.461713
    0.465462
    0.480113
    0.513583
    0.573523
    0.655916
    0.742361
    0.817289
    0.874929
    0.916005
    0.942899
    0.959628
    0.970181
    0.976718
    0.978826
    0.974501
    0.96271
    0.945042
    0.926468
    0.915374
    0.920884
    0.948686
    0.991492
    1.03219
    1.06014
    1.07971
    1.10045
    1.12701
    1.1526
    1.16652
    1.16527
    1.15336
    1.13872
    1.12875
    1.12793
    1.13555
    1.14693
    1.15649
    1.16136
    1.15924
    1.14645
