    0.672811
    0.61886
    0.566258
    0.517927
    0.475216
    0.438575
    0.407328
    0.38024
    0.355963
    0.332921
    0.310217
    0.287513
    0.265258
    0.244802
    0.228729
    0.220524
    0.224795
    0.245813
    0.284928
    0.33944
    0.403057
    0.469259
    0.532989
    0.591435
    0.643588
    0.688996
    0.727773
    0.760256
    0.786557
    0.807014
    0.822187
    0.832753
    0.840283
    0.846577
    0.854445
    0.866584
    0.884455
    0.907047
    0.929527
    0.944588
    0.945038
    0.927729
    0.893897
    0.847139
    0.792065
    0.732606
    0.671687
    0.611554
    0.554007
    0.499607
    0.448915
    0.401371
    0.356187
    0.31224
    0.26863
    0.225357
    0.183208
    0.143981
    0.109588
    0.0824997
    0.0655277
    0.0620434
    0.0758683
    0.109812
    0.163538
    0.232663
    0.309767
    0.387322
    0.459593
    0.52321
    0.576711
    0.619197
    0.650894
    0.672249
    0.684163
    0.688097
    0.685962
    0.67978
    0.672137
    0.666292
    0.665393
    0.672811
    0.690907
    0.719568
    0.75576
    0.792739
    0.822075
    0.837473
    0.837136
    0.823649
    0.801394
    0.77498
    0.748005
    0.72339
    0.702709
    0.686861
    0.675171
    0.665955
    0.656514
    0.643138
    0.622007
    0.590873
    0.550298
    0.503653
    0.455434
    0.410026
    0.370799
    0.340002
    0.319096
    0.308643
    0.308081
    0.315837
    0.329774
    0.347533
    0.36754
    0.38912
    0.412948
    0.440935
    0.475666
    0.518489
    0.568281
    0.620659
    0.670788
    0.715073
    0.752388
    0.78341
    0.809486
    0.832415
    0.853546
    0.874227
    0.894796
    0.915365
    0.935709
    0.955378
    0.973699
    0.989322
    0.99955
    1
    0.985613
    0.954029
    0.907497
    0.850287
    0.787007
    0.72103
    0.654715
    0.589187
    0.525346
    0.463527
    0.403844
    0.346521
    0.291784
    0.239856
    0.190963
    0.145218
    0.103293
    0.0660897
    0.0349556
    0.0119141
    0
    0.00314711
    0.0254018
    0.069574
    0.134427
    0.213555
    0.297853
    0.378442
    0.44959
    0.508149
    0.553333
    0.585928
    0.606834
    0.617736
    0.620209
    0.615826
    0.606834
    0.595257
    0.583905
    0.576037
    0.575138
    0.584692
    0.606834
    0.641115
    0.683714
    0.727549
    0.764527
    0.789929
    0.80308
    0.806564
    0.804428
    0.800157
    0.796673
    0.795999
    0.798921
    0.805552
    0.814657
    0.824323
    0.831741
    0.833427
    0.82511
    0.802855
    0.765989
    0.717883
    0.664044
    0.609644
    0.558053
    0.511296
    0.470046
    0.433854
    0.401708
    0.372373
    0.344386
    0.316848
    0.289423
    0.262336
    0.236597
    0.214005
    0.197595
    0.191188
    0.199393
    0.225582
    0.270091
    0.328875
    0.395189
    0.462965
    0.527481
    0.58649
    0.638642
    0.683714
    0.721479
    0.752051
    0.775767
    0.792964
    0.804428
    0.811285
    0.815443
    0.819377
    0.825896
    0.837811
    0.856693
    0.881083
    0.90626
    0.924244
    0.928066
    0.914128
    0.883556
    0.839946
    0.788131
    0.731932
    0.674834
    0.61886
    0.565696
    0.516129
    0.470271
    0.42756
    0.386535
    0.345847
    0.304147
    0.261661
    0.219287
    0.179274
    0.143869
    0.115545
    0.0971114
    0.0921659
    0.103855
    0.134652
    0.184107
    0.248286
    0.320782
    0.395189
    0.466337
    0.530853
    0.586827
    0.633022
    0.669102
    0.694953
    0.711139
    0.719006
    0.72013
    0.716871
    0.711588
    0.707317
    0.707542
    0.715185
    0.732382
    0.759132
    0.792514
    0.825896
    0.851186
    0.861414
    0.85467
    0.833427
    0.802405
    0.766326
    0.729235
    0.694167
    0.662808
    0.63617
    0.613915
    0.594695
    0.575812
    0.554344
    0.526919
    0.492188
    0.450714
    0.40553
    0.360571
    0.319434
    0.285489
    0.261324
    0.249073
    0.249972
    0.263797
    0.288861
    0.322693
    0.362369
    0.405642
    0.450939
    0.497921
    0.546814
    0.597168
    0.647522
    0.695066
    0.736653
    0.770372
    0.796111
    0.815106
    0.829268
    0.841295
    0.853321
    0.867371
    0.884343
    0.90435
    0.926043
    0.947061
    0.963808
    0.972125
    0.967517
    0.946499
    0.908958
    0.858042
    0.798696
    0.735416
    0.6718
    0.609756
    0.55041
    0.493987
    0.440036
    0.387996
    0.337417
    0.288075
    0.240193
    0.194223
    0.151062
    0.111835
    0.077779
    0.0511408
    0.034506
    0.0318085
    0.0469821
    0.0831741
    0.139822
    0.211982
    0.291896
    0.371698
    0.445319
    0.509048
    0.561088
    0.601101
    0.629426
    0.647072
    0.655502
    0.656176
    0.651006
    0.642239
    0.63246
    0.624705
    0.622569
    0.629426
    0.647522
    0.677307
    0.715747
    0.756322
    0.790716
    0.812633
    0.820052
    0.815443
    0.802967
    0.78667
    0.77026
    0.756435
    0.746544
    0.741261
    0.7398
    0.740474
    0.74025
    0.735416
    0.721929
    0.696527
    0.658649
    0.611667
    0.560751
    0.510622
    0.464876
    0.426099
    0.394965
    0.371923
    0.35585
    0.345397
    0.338429
    0.333258
    0.32865
    0.324379
    0.321119
    0.321457
    0.328875
    0.347645
    0.380803
    0.428122
    0.48477
    0.544228
    0.601326
    0.653142
    0.698775
    0.738564
    0.773294
    0.803866
    0.830842
    0.85467
    0.875688
    0.894234
    0.910756
    0.926155
    0.941666
    0.958301
    0.975835
    0.991121
    0.998202
    0.990559
    0.965382
    0.924244
    0.870968
    0.809599
    0.743846
    0.676295
    0.608857
    0.542767
    0.47915
    0.418343
    0.360796
    0.306395
    0.254917
    0.206249
    0.160279
    0.117455
    0.0786782
    0.0452962
    0.0193324
    0.0032595
    0.00056198
    0.0157356
    0.0523772
    0.111273
    0.187367
    0.271665
    0.354389
    0.428684
    0.490952
    0.540182
    0.576599
    0.601214
    0.615264
    0.620434
    0.618298
    0.610768
    0.599865
    0.588176
    0.578622
    0.575025
    0.580758
    0.598629
    0.629313
    0.670001
    0.714286
    0.754187
    0.783522
    0.800382
    0.806676
    0.80589
    0.801843
    0.797685
    0.795774
    0.797235
    0.80263
    0.810835
    0.820501
    0.828931
    0.832865
    0.828144
    0.81061
